0.000755739 0.000684646 0.000554813 0.000384042 0.000192379 1.06482e-012 -0.000174714 -0.000316754 -0.000415593 -0.000465774 -0.000466963 -0.000423503 -0.000343585 -0.000238111 -0.000119423 -1.98553e-012 0.000108735 0.000197401 0.000259357 0.000291091 0.000292266 0.000265471 0.000215715 0.000149739 7.52271e-005 2.08817e-012 -6.87373e-005 -0.000125019 -0.000164573 -0.000185075 -0.000186203 -0.00016949 -0.000138024 -9.60259e-005 -4.83551e-005 -1.88369e-012 4.44007e-005 8.09641e-005 0.000106864 0.000120509 0.000121589 0.000111003 9.06714e-005 6.32814e-005 3.19705e-005 1.60668e-012 -2.9559e-005 -5.40962e-005 -7.167e-005 -8.11361e-005 -8.2194e-005 -7.53511e-005 -6.18162e-005 -4.33362e-005 -2.19956e-005 -1.35753e-012 2.05358e-005 3.77762e-005 5.03144e-005 5.7273e-005 5.8349e-005 5.38043e-005 4.44059e-005 3.13238e-005 1.59998e-005 1.17463e-012 -1.51355e-005 -2.8031e-005 -3.75917e-005 -4.30879e-005 -4.42036e-005 -4.10442e-005 -3.41077e-005 -2.42217e-005 -1.2453e-005 -1.06146e-012 1.19229e-005 2.21997e-005 2.99133e-005 3.44266e-005 3.54336e-005 3.29793e-005 2.7444e-005 1.9496e-005 1.00155e-005 9.65657e-013 -9.54099e-006 -1.76888e-005 -2.37063e-005 -2.71058e-005 -2.76889e-005 -2.55528e-005 -2.10657e-005 -1.48139e-005 -7.52836e-006 -8.02056e-013 7.00661e-006 1.28314e-005 1.69806e-005 1.91668e-005 1.93239e-005 1.75975e-005 1.43135e-005 9.92975e-006 4.97749e-006 5.78043e-013 -4.50513e-006 -8.13388e-006 -1.06095e-005 -1.17998e-005 -1.17175e-005 -1.05048e-005 -8.40639e-006 -5.73301e-006 -2.82233e-006 -3.52121e-013 2.45422e-006 4.33228e-006 5.51359e-006 5.96945e-006 5.75638e-006 4.99916e-006 3.86656e-006 2.54372e-006 1.20624e-006 1.57426e-013 -9.71174e-007 -1.64982e-006 -2.02241e-006 -2.11197e-006 -1.9679e-006 -1.65479e-006 -1.24193e-006 -7.94474e-007 -3.6705e-007 -5.0493e-014 2.81928e-007 4.68796e-007 5.63194e-007 5.77047e-007 5.2811e-007 4.36633e-007 3.22531e-007 2.03288e-007 9.26374e-008 1.35158e-014 -6.94604e-008 -1.14322e-007 -1.36107e-007 -1.38374e-007 -1.25812e-007 -1.03466e-007 -7.61096e-008 -4.78235e-008 -2.17478e-008 -3.38787e-015 1.62812e-008 2.68035e-008 3.19361e-008 3.25055e-008 2.95962e-008 2.43766e-008 1.79587e-008 1.13002e-008 5.14477e-009 8.53872e-016 -3.85641e-009 -6.3482e-009 -7.55874e-009 -7.68324e-009 -6.98112e-009 -5.73334e-009 -4.20796e-009 -2.63524e-009 -1.19284e-009 -2.08519e-016 8.80677e-010 1.43588e-009 1.69081e-009 1.69682e-009 1.51932e-009 1.22703e-009 8.83508e-010 5.41353e-010 2.39011e-010 4.29266e-017 -1.65975e-010 -2.60584e-010 -2.93699e-010 -2.80037e-010 -2.36051e-010 -1.77378e-010 -1.17028e-010 -6.43571e-011 -2.47671e-011 -3.91187e-018 1.1147e-011 1.18861e-011 6.49585e-012 7.43418e-020 
0.000684646 0.000783585 0.000709993 0.000575452 0.000398399 0.000199607 1.10503e-012 -0.000181345 -0.000328839 -0.000431532 -0.000483735 -0.000485068 -0.000440014 -0.000357055 -0.0002475 -0.00012416 -2.06474e-012 0.0001131 0.000205372 0.000269895 0.000302993 0.000304293 0.000276467 0.000224709 0.000156025 7.84069e-005 2.17705e-012 -7.16841e-005 -0.000130418 -0.000171732 -0.000193187 -0.000194427 -0.000177034 -0.000144217 -0.00010037 -5.05606e-005 -1.97033e-012 4.64607e-005 8.47535e-005 0.000111911 0.000126252 0.000127438 0.000116393 9.51173e-005 6.64152e-005 3.35698e-005 1.68789e-012 -3.10686e-005 -5.68889e-005 -7.54106e-005 -8.54183e-005 -8.65817e-005 -7.94204e-005 -6.51943e-005 -4.57331e-005 -2.32272e-005 -1.43449e-012 2.17149e-005 3.99733e-005 5.32793e-005 6.06928e-005 6.18799e-005 5.71044e-005 4.71666e-005 3.32978e-005 1.70219e-005 1.25068e-012 -1.61285e-005 -2.98943e-005 -4.01224e-005 -4.60244e-005 -4.72513e-005 -4.39052e-005 -3.65093e-005 -2.59427e-005 -1.33447e-005 -1.13797e-012 1.27867e-005 2.38134e-005 3.20915e-005 3.69331e-005 3.80083e-005 3.53664e-005 2.94191e-005 2.08885e-005 1.07242e-005 1.03324e-012 -1.02004e-005 -1.88944e-005 -2.52975e-005 -2.88956e-005 -2.94855e-005 -2.71806e-005 -2.23821e-005 -1.57213e-005 -7.98005e-006 -8.49162e-013 7.40919e-006 1.35522e-005 1.79127e-005 2.01941e-005 2.03345e-005 1.84949e-005 1.50245e-005 1.04097e-005 5.2113e-006 6.0439e-013 -4.70399e-006 -8.48078e-006 -1.10454e-005 -1.22651e-005 -1.21588e-005 -1.08804e-005 -8.68941e-006 -5.91283e-006 -2.90364e-006 -3.61259e-013 2.51008e-006 4.41563e-006 5.59853e-006 6.03722e-006 5.79786e-006 5.01473e-006 3.86351e-006 2.53248e-006 1.19691e-006 1.55733e-013 -9.58071e-007 -1.62345e-006 -1.98547e-006 -2.06895e-006 -1.92397e-006 -1.61485e-006 -1.20985e-006 -7.72693e-007 -3.56443e-007 -4.8964e-014 2.73029e-007 4.53448e-007 5.44154e-007 5.56988e-007 5.09315e-007 4.20788e-007 3.10646e-007 1.95711e-007 8.91586e-008 1.30064e-014 -6.68428e-008 -1.10029e-007 -1.31033e-007 -1.33268e-007 -1.21232e-007 -9.97588e-008 -7.34329e-008 -4.61764e-008 -2.10157e-008 -3.27659e-015 1.57603e-008 2.59692e-008 3.09703e-008 3.15513e-008 2.87537e-008 2.37041e-008 1.74789e-008 1.1008e-008 5.01607e-009 8.33218e-016 -3.76624e-009 -6.20475e-009 -7.39372e-009 -7.52123e-009 -6.83896e-009 -5.62063e-009 -4.1281e-009 -2.58698e-009 -1.17176e-009 -2.04964e-016 8.66193e-010 1.41311e-009 1.66495e-009 1.6718e-009 1.49773e-009 1.21023e-009 8.71858e-010 5.3448e-010 2.3609e-010 4.24216e-017 -1.64097e-010 -2.57748e-010 -2.90626e-010 -2.77222e-010 -2.33772e-010 -1.75734e-010 -1.15987e-010 -6.38087e-011 -2.4565e-011 -3.8813e-018 1.10636e-011 1.18012e-011 6.45152e-012 
0.000554813 0.000709993 0.000812732 0.00073653 0.000597066 0.000413438 0.00020718 1.14717e-012 -0.000188296 -0.000341509 -0.000448249 -0.000502576 -0.000504064 -0.000457343 -0.000371197 -0.00025736 -0.000129135 -2.14797e-012 0.000117687 0.000213753 0.000280978 0.000315515 0.000316951 0.000288044 0.000234182 0.000162647 8.17583e-005 2.27077e-012 -7.47923e-005 -0.000136114 -0.00017929 -0.000201754 -0.000203116 -0.000185009 -0.000150766 -0.000104965 -5.28953e-005 -2.06209e-012 4.86434e-005 8.87709e-005 0.000117264 0.000132347 0.000133649 0.000122121 9.98445e-005 6.97492e-005 3.52724e-005 1.77439e-012 -3.26781e-005 -5.98682e-005 -7.94041e-005 -8.99934e-005 -9.1273e-005 -8.37747e-005 -6.88118e-005 -4.8302e-005 -2.45482e-005 -1.51712e-012 2.29818e-005 4.2336e-005 5.64703e-005 6.43765e-005 6.56864e-005 6.06649e-005 5.01476e-005 3.54308e-005 1.8127e-005 1.33296e-012 -1.72036e-005 -3.19122e-005 -4.2864e-005 -4.9206e-005 -5.05537e-005 -4.70046e-005 -3.911e-005 -2.78052e-005 -1.4309e-005 -1.22062e-012 1.37185e-005 2.55518e-005 3.44338e-005 3.96235e-005 4.07664e-005 3.79181e-005 3.15257e-005 2.23704e-005 1.14767e-005 1.10484e-012 -1.08975e-005 -2.01662e-005 -2.69726e-005 -3.07758e-005 -3.13692e-005 -2.8884e-005 -2.37571e-005 -1.66674e-005 -8.45016e-006 -8.98105e-013 7.82674e-006 1.42985e-005 1.8876e-005 2.12539e-005 2.13751e-005 1.94169e-005 1.57534e-005 1.09005e-005 5.44975e-006 6.31175e-013 -4.90545e-006 -8.83071e-006 -1.14829e-005 -1.27292e-005 -1.25957e-005 -1.12486e-005 -8.96348e-006 -6.08419e-006 -2.97949e-006 -3.69545e-013 2.55881e-006 4.48442e-006 5.66305e-006 6.08176e-006 5.8169e-006 5.01162e-006 3.84709e-006 2.51331e-006 1.18423e-006 1.53658e-013 -9.42916e-007 -1.59406e-006 -1.94535e-006 -2.02311e-006 -1.87786e-006 -1.57341e-006 -1.17688e-006 -7.5049e-007 -3.45708e-007 -4.74266e-014 2.64135e-007 4.38192e-007 5.25328e-007 5.37257e-007 4.90916e-007 4.0535e-007 2.99117e-007 1.88393e-007 8.58128e-008 1.25184e-014 -6.43441e-008 -1.05946e-007 -1.2622e-007 -1.28438e-007 -1.16908e-007 -9.62668e-008 -7.09157e-008 -4.46294e-008 -2.03289e-008 -3.17229e-015 1.52723e-008 2.51881e-008 3.00663e-008 3.06583e-008 2.79653e-008 2.30748e-008 1.70299e-008 1.07344e-008 4.89557e-009 8.13872e-016 -3.68176e-009 -6.07032e-009 -7.23904e-009 -7.36933e-009 -6.70565e-009 -5.5149e-009 -4.05318e-009 -2.54169e-009 -1.15198e-009 -2.01627e-016 8.526e-010 1.39174e-009 1.64069e-009 1.64833e-009 1.47748e-009 1.19447e-009 8.60934e-010 5.28036e-010 2.33352e-010 4.19486e-017 -1.62338e-010 -2.55095e-010 -2.87754e-010 -2.74593e-010 -2.31646e-010 -1.74202e-010 -1.15019e-010 -6.32986e-011 -2.43771e-011 -3.85293e-018 1.09864e-011 1.17227e-011 
0.000384042 0.000575452 0.00073653 0.000843256 0.000764326 0.000619711 0.000429196 0.000215117 1.19134e-012 -0.000195585 -0.000354799 -0.000465788 -0.000522348 -0.000524006 -0.00047554 -0.000386052 -0.000267719 -0.000134364 -2.23548e-012 0.00012251 0.000222569 0.000292641 0.000328697 0.00033028 0.000300239 0.000244165 0.000169628 8.52925e-005 2.36964e-012 -7.80727e-005 -0.000142129 -0.000187273 -0.000210807 -0.000212303 -0.000193445 -0.000157697 -0.000109831 -5.53683e-005 -2.15934e-012 5.0958e-005 9.30332e-005 0.000122946 0.000138822 0.00014025 0.000128212 0.000104875 7.32995e-005 3.70866e-005 1.86663e-012 -3.43954e-005 -6.30495e-005 -8.36714e-005 -9.48859e-005 -9.62937e-005 -8.84385e-005 -7.26896e-005 -5.1058e-005 -2.59666e-005 -1.60591e-012 2.43444e-005 4.48793e-005 5.9908e-005 6.83485e-005 6.97941e-005 6.45101e-005 5.33692e-005 3.77377e-005 1.93229e-005 1.42206e-012 -1.8368e-005 -3.40987e-005 -4.58351e-005 -5.26541e-005 -5.41317e-005 -5.03616e-005 -4.1925e-005 -2.98196e-005 -1.53509e-005 -1.3098e-012 1.47225e-005 2.74215e-005 3.69485e-005 4.25061e-005 4.37152e-005 4.06402e-005 3.3768e-005 2.39442e-005 1.22742e-005 1.18055e-012 -1.1633e-005 -2.15051e-005 -2.87326e-005 -3.27476e-005 -3.33409e-005 -3.06637e-005 -2.51911e-005 -1.76523e-005 -8.93874e-006 -9.48882e-013 8.25917e-006 1.507e-005 1.987e-005 2.23453e-005 2.24445e-005 2.03623e-005 1.64991e-005 1.14013e-005 5.69226e-006 6.5832e-013 -5.10874e-006 -9.18206e-006 -1.19195e-005 -1.31889e-005 -1.30242e-005 -1.16054e-005 -9.22484e-006 -6.24422e-006 -3.04836e-006 -3.76783e-013 2.59912e-006 4.53688e-006 5.70581e-006 6.10279e-006 5.8143e-006 4.99119e-006 3.81862e-006 2.48713e-006 1.16866e-006 1.51254e-013 -9.26007e-007 -1.56213e-006 -1.90258e-006 -1.97496e-006 -1.82998e-006 -1.53079e-006 -1.14326e-006 -7.28013e-007 -3.34911e-007 -4.58895e-014 2.55292e-007 4.23105e-007 5.06805e-007 5.17938e-007 4.72987e-007 3.90375e-007 2.87983e-007 1.81355e-007 8.26073e-008 1.20525e-014 -6.19666e-008 -1.02072e-007 -1.21666e-007 -1.23879e-007 -1.12835e-007 -9.29829e-008 -6.85519e-008 -4.31784e-008 -1.96852e-008 -3.07461e-015 1.48156e-008 2.44571e-008 2.92204e-008 2.98228e-008 2.72275e-008 2.24858e-008 1.66096e-008 1.04784e-008 4.78273e-009 7.95754e-016 -3.60261e-009 -5.94435e-009 -7.09406e-009 -7.22692e-009 -6.58065e-009 -5.41575e-009 -3.98292e-009 -2.49921e-009 -1.13342e-009 -1.98497e-016 8.3985e-010 1.37169e-009 1.61793e-009 1.62633e-009 1.4585e-009 1.17971e-009 8.50701e-010 5.22003e-010 2.3079e-010 4.15063e-017 -1.60695e-010 -2.52617e-010 -2.85074e-010 -2.72142e-010 -2.29666e-010 -1.72777e-010 -1.14119e-010 -6.28254e-011 -2.42032e-011 -3.82671e-018 1.09152e-011 
0.000192379 0.000398399 0.000597066 0.000764326 0.000875234 0.000793454 0.000643445 0.000445717 0.00022344 1.23768e-012 -0.000203232 -0.000368747 -0.000484198 -0.000543109 -0.000544951 -0.000494657 -0.000401662 -0.000278608 -0.000139862 -2.32751e-012 0.000127586 0.000231848 0.000304921 0.00034258 0.000344324 0.000313092 0.00025469 0.000176992 8.90217e-005 2.47401e-012 -8.15369e-005 -0.000148483 -0.00019571 -0.000220381 -0.000222022 -0.000202373 -0.000165036 -0.000114986 -5.79897e-005 -2.26249e-012 5.34141e-005 9.75588e-005 0.000128984 0.000145704 0.000147272 0.000134696 0.000110232 7.70831e-005 3.90214e-005 1.96508e-012 -3.62295e-005 -6.64496e-005 -8.82358e-005 -0.000100123 -0.000101672 -9.34388e-005 -7.68506e-005 -5.40177e-005 -2.74912e-005 -1.70142e-012 2.58114e-005 4.76199e-005 6.36155e-005 7.26354e-005 7.4231e-005 6.86665e-005 5.6854e-005 4.02345e-005 2.06181e-005 1.51858e-012 -1.963e-005 -3.64687e-005 -4.90556e-005 -5.63908e-005 -5.80079e-005 -5.3996e-005 -4.49703e-005 -3.19964e-005 -1.64753e-005 -1.4059e-012 1.58026e-005 2.94293e-005 3.96435e-005 4.55888e-005 4.68618e-005 4.35386e-005 3.61501e-005 2.56124e-005 1.31175e-005 1.26045e-012 -1.24076e-005 -2.29124e-005 -3.05788e-005 -3.48121e-005 -3.54015e-005 -3.25204e-005 -2.66845e-005 -1.86762e-005 -9.44579e-006 -1.00149e-012 8.70637e-006 1.58664e-005 2.0894e-005 2.34675e-005 2.35416e-005 2.13299e-005 1.726e-005 1.19107e-005 5.93811e-006 6.85723e-013 -5.31294e-006 -9.53283e-006 -1.2352e-005 -1.364e-005 -1.34397e-005 -1.19459e-005 -9.46914e-006 -6.38967e-006 -3.10861e-006 -3.82787e-013 2.62999e-006 4.57195e-006 5.72655e-006 6.10114e-006 5.79161e-006 4.95513e-006 3.77952e-006 2.45484e-006 1.15057e-006 1.48567e-013 -9.07614e-007 -1.52805e-006 -1.85762e-006 -1.92494e-006 -1.78073e-006 -1.48733e-006 -1.10922e-006 -7.05401e-007 -3.24114e-007 -4.43611e-014 2.46546e-007 4.08259e-007 4.88668e-007 4.9911e-007 4.55593e-007 3.7591e-007 2.77273e-007 1.74611e-007 7.9547e-008 1.16092e-014 -5.97112e-008 -9.84064e-008 -1.17368e-007 -1.19584e-007 -1.09005e-007 -8.98993e-008 -6.63347e-008 -4.18186e-008 -1.90824e-008 -2.98317e-015 1.43881e-008 2.37732e-008 2.8429e-008 2.90411e-008 2.65373e-008 2.19347e-008 1.62162e-008 1.02386e-008 4.67708e-009 7.78785e-016 -3.52847e-009 -5.82633e-009 -6.9582e-009 -7.09345e-009 -6.46347e-009 -5.3228e-009 -3.91704e-009 -2.45938e-009 -1.11602e-009 -1.95563e-016 8.27899e-010 1.3529e-009 1.59661e-009 1.60571e-009 1.44073e-009 1.1659e-009 8.4113e-010 5.16363e-010 2.28397e-010 4.10934e-017 -1.59162e-010 -2.50308e-010 -2.82579e-010 -2.69863e-010 -2.27827e-010 -1.71455e-010 -1.13286e-010 -6.23881e-011 -2.40427e-011 -3.80257e-018 
1.06482e-012 0.000199607 0.000413438 0.000619711 0.000793454 0.000908751 0.00082399 0.000668333 0.000463046 0.000232172 1.2863e-012 -0.00021126 -0.000383391 -0.000503534 -0.000564919 -0.00056696 -0.00051475 -0.000418074 -0.000290061 -0.000145647 -2.42438e-012 0.000132929 0.00024162 0.000317857 0.000357211 0.000359129 0.000326647 0.000265794 0.000184764 9.29593e-005 2.58425e-012 -8.51977e-005 -0.000155201 -0.000204635 -0.000230511 -0.000232311 -0.000211829 -0.000172814 -0.000120452 -6.07706e-005 -2.37197e-012 5.60225e-005 0.000102368 0.000135403 0.000153026 0.000154747 0.000141602 0.000115943 8.11191e-005 4.10867e-005 2.07023e-012 -3.81901e-005 -7.00872e-005 -9.31227e-005 -0.000105735 -0.00010744 -9.88053e-005 -8.13201e-005 -5.71994e-005 -2.91315e-005 -1.80427e-012 2.73925e-005 5.05759e-005 6.76177e-005 7.72668e-005 7.9028e-005 7.31633e-005 6.06266e-005 4.2939e-005 2.20215e-005 1.6232e-012 -2.09981e-005 -3.90381e-005 -5.25463e-005 -6.04396e-005 -6.22054e-005 -5.79285e-005 -4.82618e-005 -3.43463e-005 -1.76873e-005 -1.50931e-012 1.69627e-005 3.15815e-005 4.25262e-005 4.8879e-005 5.02128e-005 4.66183e-005 3.86757e-005 2.73772e-005 1.40078e-005 1.34462e-012 -1.32219e-005 -2.43891e-005 -3.25124e-005 -3.69702e-005 -3.75517e-005 -3.44544e-005 -2.82374e-005 -1.97392e-005 -9.97122e-006 -1.0559e-012 9.16811e-006 1.66872e-005 2.19472e-005 2.4619e-005 2.46647e-005 2.23177e-005 1.80345e-005 1.24274e-005 6.18639e-006 7.13259e-013 -5.51689e-006 -9.88056e-006 -1.27768e-005 -1.40776e-005 -1.38365e-005 -1.22645e-005 -9.69145e-006 -6.51714e-006 -3.15871e-006 -3.87403e-013 2.65079e-006 4.58939e-006 5.72603e-006 6.07842e-006 5.75081e-006 4.90526e-006 3.73113e-006 2.41729e-006 1.13034e-006 1.45643e-013 -8.87975e-007 -1.49221e-006 -1.81091e-006 -1.87348e-006 -1.73048e-006 -1.4433e-006 -1.07496e-006 -6.82782e-007 -3.13375e-007 -4.2849e-014 2.37938e-007 3.93719e-007 4.70988e-007 4.80842e-007 4.38791e-007 3.61995e-007 2.67011e-007 1.68173e-007 7.6635e-008 1.11887e-014 -5.75775e-008 -9.49471e-008 -1.1332e-007 -1.15546e-007 -1.05409e-007 -8.70073e-008 -6.42572e-008 -4.05453e-008 -1.85182e-008 -2.89763e-015 1.39883e-008 2.31336e-008 2.76889e-008 2.831e-008 2.58915e-008 2.14191e-008 1.58481e-008 1.00143e-008 4.57817e-009 7.62895e-016 -3.45904e-009 -5.71577e-009 -6.83092e-009 -6.9684e-009 -6.35368e-009 -5.2357e-009 -3.85531e-009 -2.42207e-009 -1.09973e-009 -1.92815e-016 8.16707e-010 1.33532e-009 1.57666e-009 1.58643e-009 1.42411e-009 1.15298e-009 8.32191e-010 5.111e-010 2.26165e-010 4.07088e-017 -1.57736e-010 -2.48163e-010 -2.80263e-010 -2.67751e-010 -2.26125e-010 -1.70234e-010 -1.12517e-010 -6.19855e-011 -2.38953e-011 
-0.000174714 1.10503e-012 0.00020718 0.000429196 0.000643445 0.00082399 0.000943898 0.000856019 0.000694444 0.00048123 0.000241337 1.33735e-012 -0.00021969 -0.000398774 -0.00052385 -0.000587842 -0.000590099 -0.000535883 -0.00043534 -0.000302113 -0.000151736 -2.52637e-012 0.000138557 0.000251917 0.000331493 0.000372639 0.000374746 0.000340951 0.000277516 0.000192972 9.71194e-005 2.70077e-012 -8.90688e-005 -0.000162308 -0.00021408 -0.000241237 -0.00024321 -0.000221852 -0.000181061 -0.000126252 -6.37228e-005 -2.48825e-012 5.87948e-005 0.000107482 0.000142233 0.000160823 0.000162711 0.000148965 0.000122036 8.54282e-005 4.32933e-005 2.18267e-012 -4.02881e-005 -7.39824e-005 -9.83599e-005 -0.000111753 -0.000113632 -0.000104571 -8.61258e-005 -6.06234e-005 -3.08982e-005 -1.91515e-012 2.90983e-005 5.37677e-005 7.19423e-005 8.2275e-005 8.42188e-005 7.80324e-005 6.47136e-005 4.58701e-005 2.3543e-005 1.73665e-012 -2.24816e-005 -4.18237e-005 -5.63294e-005 -6.48248e-005 -6.6748e-005 -6.21799e-005 -5.18158e-005 -3.68797e-005 -1.89918e-005 -1.62041e-012 1.82065e-005 3.38842e-005 4.56038e-005 5.23839e-005 5.37745e-005 4.98843e-005 4.13481e-005 2.92407e-005 1.4946e-005 1.43313e-012 -1.40766e-005 -2.5936e-005 -3.45343e-005 -3.92229e-005 -3.97923e-005 -3.64662e-005 -2.985e-005 -2.0841e-005 -1.05149e-005 -1.1121e-012 9.64413e-006 1.75315e-005 2.30284e-005 2.57981e-005 2.58116e-005 2.33234e-005 1.88202e-005 1.29494e-005 6.436e-006 7.40776e-013 -5.71918e-006 -1.02222e-005 -1.31892e-005 -1.44959e-005 -1.42081e-005 -1.25547e-005 -9.88661e-006 -6.62339e-006 -3.19739e-006 -3.90539e-013 2.66139e-006 4.58981e-006 5.70576e-006 6.0367e-006 5.69398e-006 4.84335e-006 3.67472e-006 2.37522e-006 1.10829e-006 1.42517e-013 -8.67308e-007 -1.45495e-006 -1.76281e-006 -1.82094e-006 -1.67955e-006 -1.39897e-006 -1.04068e-006 -6.6028e-007 -3.02749e-007 -4.13605e-014 2.29506e-007 3.79544e-007 4.53833e-007 4.63193e-007 4.22625e-007 3.48661e-007 2.57212e-007 1.62046e-007 7.38726e-008 1.07909e-014 -5.55636e-008 -9.16888e-008 -1.09513e-007 -1.11755e-007 -1.02037e-007 -8.42978e-008 -6.23121e-008 -3.93538e-008 -1.79905e-008 -2.81762e-015 1.36144e-008 2.25354e-008 2.69967e-008 2.76262e-008 2.52875e-008 2.09367e-008 1.55036e-008 9.80429e-009 4.48558e-009 7.4802e-016 -3.39403e-009 -5.61225e-009 -6.71173e-009 -6.85129e-009 -6.25086e-009 -5.15413e-009 -3.79751e-009 -2.38713e-009 -1.08447e-009 -1.90243e-016 8.06238e-010 1.31887e-009 1.55801e-009 1.56842e-009 1.4086e-009 1.14094e-009 8.23861e-010 5.06199e-010 2.24089e-010 4.03514e-017 -1.56413e-010 -2.46174e-010 -2.7812e-010 -2.658e-010 -2.24556e-010 -1.6911e-010 -1.11812e-010 -6.16168e-011 
-0.000316754 -0.000181345 1.14717e-012 0.000215117 0.000445717 0.000668333 0.000856019 0.000980771 0.000889628 0.00072185 0.000500321 0.000250962 1.39098e-012 -0.000228547 -0.000414941 -0.000545209 -0.000611948 -0.00061444 -0.000558118 -0.000453513 -0.000314802 -0.000158149 -2.63383e-012 0.000144489 0.000262773 0.000345874 0.000388916 0.000391229 0.000356054 0.000289898 0.000201645 0.000101517 2.82401e-012 -9.31648e-005 -0.000169832 -0.000224084 -0.000252603 -0.000254766 -0.000232484 -0.000189814 -0.00013241 -6.68594e-005 -2.61187e-012 6.17436e-005 0.000112925 0.000149508 0.000169131 0.000171204 0.000156823 0.000128543 9.0033e-005 4.56531e-005 2.30301e-012 -4.25351e-005 -7.81578e-005 -0.000103978 -0.000118216 -0.000120285 -0.000110771 -9.12984e-005 -6.4312e-005 -3.2803e-005 -2.03478e-012 3.09404e-005 5.72172e-005 7.66198e-005 8.76955e-005 8.98404e-005 8.33083e-005 6.9144e-005 4.90485e-005 2.51932e-005 1.85969e-012 -2.40903e-005 -4.48432e-005 -6.04278e-005 -6.95717e-005 -7.166e-005 -6.67712e-005 -5.56482e-005 -3.96072e-005 -2.03936e-005 -1.73956e-012 1.95377e-005 3.63431e-005 4.8883e-005 5.61101e-005 5.75526e-005 5.33412e-005 4.41708e-005 3.12048e-005 1.59328e-005 1.52605e-012 -1.49722e-005 -2.75541e-005 -3.66455e-005 -4.15709e-005 -4.21236e-005 -3.85559e-005 -3.15221e-005 -2.19816e-005 -1.10767e-005 -1.17006e-012 1.0134e-005 1.83986e-005 2.41359e-005 2.70028e-005 2.69798e-005 2.43441e-005 1.96144e-005 1.34744e-005 6.68554e-006 7.68081e-013 -5.91804e-006 -1.05541e-005 -1.35836e-005 -1.4888e-005 -1.4547e-005 -1.281e-005 -1.00497e-005 -6.70574e-006 -3.22387e-006 -3.92174e-013 2.66214e-006 4.57442e-006 5.66766e-006 5.97816e-006 5.62316e-006 4.77102e-006 3.61145e-006 2.32932e-006 1.08471e-006 1.39226e-013 -8.45808e-007 -1.41657e-006 -1.7137e-006 -1.76769e-006 -1.62828e-006 -1.35462e-006 -1.00657e-006 -6.3801e-007 -2.92286e-007 -3.99022e-014 2.21284e-007 3.65788e-007 4.37257e-007 4.46212e-007 4.07134e-007 3.35929e-007 2.47888e-007 1.56234e-007 7.12592e-008 1.04154e-014 -5.36669e-008 -8.86254e-008 -1.0594e-007 -1.082e-007 -9.8878e-008 -8.17614e-008 -6.04922e-008 -3.82394e-008 -1.7497e-008 -2.74283e-015 1.32649e-008 2.19762e-008 2.63496e-008 2.69867e-008 2.47226e-008 2.04855e-008 1.51814e-008 9.60781e-009 4.39894e-009 7.34098e-016 -3.33318e-009 -5.51535e-009 -6.60016e-009 -6.74167e-009 -6.15463e-009 -5.07781e-009 -3.74344e-009 -2.35446e-009 -1.07021e-009 -1.8784e-016 7.96458e-010 1.30352e-009 1.54061e-009 1.55163e-009 1.39415e-009 1.12973e-009 8.16114e-010 5.01647e-010 2.22164e-010 4.00203e-017 -1.55188e-010 -2.44337e-010 -2.76145e-010 -2.64004e-010 -2.23115e-010 -1.68082e-010 -1.11168e-010 
-0.000415593 -0.000328839 -0.000188296 1.19134e-012 0.00022344 0.000463046 0.000694444 0.000889628 0.00101947 0.000924914 0.00075063 0.000520374 0.000261075 1.44733e-012 -0.000237858 -0.000431941 -0.000567675 -0.000637311 -0.000640057 -0.000581527 -0.000472652 -0.00032817 -0.000164907 -2.74711e-012 0.000150744 0.000274226 0.000361051 0.0004061 0.000408637 0.000372011 0.000302986 0.000210817 0.00010617 2.95444e-012 -9.75019e-005 -0.000177802 -0.000234687 -0.000264655 -0.000267026 -0.000243769 -0.000199111 -0.000138954 -7.01945e-005 -2.74339e-012 6.48829e-005 0.000118723 0.000157262 0.000177994 0.00018027 0.000165216 0.000135498 9.49586e-005 4.81792e-005 2.43192e-012 -4.49443e-005 -8.2638e-005 -0.000110012 -0.000125161 -0.000127441 -0.000117446 -9.68719e-005 -6.82898e-005 -3.48589e-005 -2.16401e-012 3.29317e-005 6.09489e-005 8.16833e-005 9.3567e-005 9.5933e-005 8.90288e-005 7.39493e-005 5.24964e-005 2.69833e-005 1.99315e-012 -2.58345e-005 -4.8115e-005 -6.48651e-005 -7.47058e-005 -7.6966e-005 -7.17234e-005 -5.9775e-005 -4.25387e-005 -2.18973e-005 -1.8671e-012 2.09595e-005 3.89639e-005 5.23701e-005 6.00637e-005 6.15527e-005 5.69935e-005 4.71468e-005 3.32715e-005 1.69691e-005 1.62346e-012 -1.59093e-005 -2.92441e-005 -3.88466e-005 -4.40149e-005 -4.4546e-005 -4.07235e-005 -3.32535e-005 -2.31603e-005 -1.16562e-005 -1.22973e-012 1.06372e-005 1.92871e-005 2.52678e-005 2.82303e-005 2.81659e-005 2.53762e-005 2.04135e-005 1.39995e-005 6.9333e-006 7.94941e-013 -6.11136e-006 -1.08718e-005 -1.39537e-005 -1.52461e-005 -1.48456e-005 -1.30237e-005 -1.01766e-005 -6.76257e-006 -3.23799e-006 -3.92358e-013 2.65372e-006 4.54474e-006 5.61377e-006 5.90494e-006 5.54025e-006 4.68977e-006 3.54234e-006 2.2802e-006 1.05987e-006 1.35801e-013 -8.23656e-007 -1.37737e-006 -1.6639e-006 -1.71405e-006 -1.57696e-006 -1.31047e-006 -9.72808e-007 -6.16079e-007 -2.82035e-007 -3.84802e-014 2.13305e-007 3.52495e-007 4.21308e-007 4.29938e-007 3.92342e-007 3.23813e-007 2.39043e-007 1.50736e-007 6.87927e-008 1.00618e-014 -5.18837e-008 -8.57498e-008 -1.02589e-007 -1.0487e-007 -9.59212e-008 -7.93886e-008 -5.87905e-008 -3.71977e-008 -1.70358e-008 -2.67292e-015 1.29382e-008 2.14535e-008 2.57446e-008 2.63889e-008 2.41944e-008 2.00635e-008 1.488e-008 9.42403e-009 4.31789e-009 7.21074e-016 -3.27625e-009 -5.42471e-009 -6.49581e-009 -6.63915e-009 -6.06465e-009 -5.00646e-009 -3.6929e-009 -2.32393e-009 -1.05689e-009 -1.85597e-016 7.87335e-010 1.28921e-009 1.52441e-009 1.536e-009 1.38071e-009 1.11932e-009 8.08929e-010 4.97431e-010 2.20383e-010 3.97146e-017 -1.5406e-010 -2.42648e-010 -2.74332e-010 -2.62361e-010 -2.218e-010 -1.67145e-010 
-0.000465774 -0.000431532 -0.000341509 -0.000195585 1.23768e-012 0.000232172 0.00048123 0.00072185 0.000924914 0.00106011 0.000961977 0.000780867 0.000541448 0.000271706 1.50659e-012 -0.000247652 -0.000449827 -0.000591318 -0.000664011 -0.000667033 -0.000606186 -0.000492818 -0.000342261 -0.000172033 -2.8666e-012 0.000157345 0.000286314 0.000377077 0.000424252 0.000427034 0.000388882 0.000316829 0.000220522 0.000111095 3.09258e-012 -0.000102097 -0.000186251 -0.000245932 -0.000277445 -0.000280043 -0.000255758 -0.000208992 -0.000145913 -7.37435e-005 -2.88344e-012 6.82276e-005 0.000124905 0.000165534 0.000187455 0.000189954 0.000174189 0.000142939 0.000100232 5.0886e-005 2.57016e-012 -4.75299e-005 -8.74503e-005 -0.000116498 -0.000132633 -0.000135147 -0.00012464 -0.000102884 -7.25838e-005 -3.70799e-005 -2.30373e-012 3.50863e-005 6.49894e-005 8.71692e-005 9.99318e-005 0.00010254 9.52345e-005 7.9163e-005 5.62375e-005 2.89252e-005 2.13787e-012 -2.77248e-005 -5.16582e-005 -6.96654e-005 -8.02529e-005 -8.26904e-005 -7.70574e-005 -6.42117e-005 -4.56841e-005 -2.35074e-005 -2.00337e-012 2.24753e-005 4.17515e-005 5.60712e-005 6.42509e-005 6.578e-005 6.08453e-005 5.02791e-005 3.54425e-005 1.80558e-005 1.72541e-012 -1.68884e-005 -3.10067e-005 -4.11384e-005 -4.65551e-005 -4.70595e-005 -4.29686e-005 -3.50436e-005 -2.43768e-005 -1.2253e-005 -1.29105e-012 1.11531e-005 2.01955e-005 2.64215e-005 2.94771e-005 2.93658e-005 2.64152e-005 2.12132e-005 1.45211e-005 7.17715e-006 8.21067e-013 -6.29655e-006 -1.11702e-005 -1.42921e-005 -1.5562e-005 -1.50962e-005 -1.31907e-005 -1.02648e-005 -6.79351e-006 -3.24014e-006 -3.91193e-013 2.63701e-006 4.5024e-006 5.54608e-006 5.819e-006 5.44695e-006 4.60091e-006 3.46831e-006 2.22841e-006 1.03399e-006 1.3227e-013 -8.01017e-007 -1.3376e-006 -1.61373e-006 -1.66034e-006 -1.52586e-006 -1.26676e-006 -9.39552e-007 -5.94587e-007 -2.72037e-007 -3.70998e-014 2.05593e-007 3.39703e-007 4.06021e-007 4.14398e-007 3.78265e-007 3.12319e-007 2.30675e-007 1.45547e-007 6.647e-008 9.72934e-015 -5.021e-008 -8.3054e-008 -9.94514e-008 -1.01754e-007 -9.31557e-008 -7.71704e-008 -5.72e-008 -3.62242e-008 -1.66048e-008 -2.60759e-015 1.26329e-008 2.0965e-008 2.51792e-008 2.58301e-008 2.37006e-008 1.9669e-008 1.45982e-008 9.25219e-009 4.24211e-009 7.08898e-016 -3.22303e-009 -5.33997e-009 -6.39827e-009 -6.54336e-009 -5.9806e-009 -4.93984e-009 -3.64574e-009 -2.29546e-009 -1.04447e-009 -1.83507e-016 7.78843e-010 1.27589e-009 1.50935e-009 1.5215e-009 1.36825e-009 1.10968e-009 8.02286e-010 4.93539e-010 2.18742e-010 3.94335e-017 -1.53025e-010 -2.41102e-010 -2.72677e-010 -2.60865e-010 -2.20607e-010 
-0.000466963 -0.000483735 -0.000448249 -0.000354799 -0.000203232 1.2863e-012 0.000241337 0.000500321 0.00075063 0.000961977 0.00110281 0.00100093 0.000812653 0.000563607 0.000282887 1.56893e-012 -0.000257958 -0.000468655 -0.000616213 -0.000692134 -0.000695455 -0.000632176 -0.00051408 -0.000357122 -0.000179552 -2.99271e-012 0.000164314 0.000299083 0.000394011 0.00044344 0.000446489 0.00040673 0.000331479 0.000230798 0.000116313 3.23898e-012 -0.00010697 -0.000195214 -0.000257868 -0.000291028 -0.000293874 -0.000268504 -0.000219503 -0.000153321 -7.75233e-005 -3.03268e-012 7.17944e-005 0.000131501 0.000174368 0.000197565 0.00020031 0.000183791 0.000150907 0.000105885 5.37893e-005 2.71856e-012 -5.03077e-005 -9.26245e-005 -0.000123478 -0.000140681 -0.000143454 -0.000132402 -0.000109374 -7.72239e-005 -3.94819e-005 -2.45495e-012 3.74197e-005 6.93679e-005 9.31173e-005 0.000106836 0.00010971 0.000101969 8.48213e-005 6.02968e-005 3.10316e-005 2.29475e-012 -2.97723e-005 -5.54922e-005 -7.48531e-005 -8.6239e-005 -8.88576e-005 -8.27933e-005 -6.89734e-005 -4.90528e-005 -2.5228e-005 -2.14868e-012 2.4088e-005 4.4711e-005 5.99919e-005 6.86771e-005 7.02396e-005 6.49006e-005 5.35706e-005 3.77196e-005 1.91934e-005 1.83196e-012 -1.79099e-005 -3.28425e-005 -4.35213e-005 -4.91917e-005 -4.96638e-005 -4.52907e-005 -3.68915e-005 -2.563e-005 -1.28665e-005 -1.35393e-012 1.16807e-005 2.11219e-005 2.75939e-005 3.0739e-005 3.05742e-005 2.74554e-005 2.2008e-005 1.50348e-005 7.41451e-006 8.46117e-013 -6.47063e-006 -1.14433e-005 -1.45911e-005 -1.58279e-005 -1.52929e-005 -1.33078e-005 -1.03138e-005 -6.79937e-006 -3.23116e-006 -3.88808e-013 2.61296e-006 4.449e-006 5.46646e-006 5.72215e-006 5.34481e-006 4.50566e-006 3.3902e-006 2.17444e-006 1.00731e-006 1.2866e-013 -7.78046e-007 -1.29753e-006 -1.56347e-006 -1.60686e-006 -1.47525e-006 -1.2237e-006 -9.06955e-007 -5.73623e-007 -2.6233e-007 -3.57656e-014 1.98172e-007 3.27442e-007 3.91423e-007 3.99609e-007 3.64911e-007 3.01446e-007 2.22779e-007 1.4066e-007 6.42868e-008 9.41736e-015 -4.86412e-008 -8.05297e-008 -9.65154e-008 -9.88395e-008 -9.05707e-008 -7.50976e-008 -5.57141e-008 -3.53147e-008 -1.62022e-008 -2.54657e-015 1.23477e-008 2.05086e-008 2.46509e-008 2.5308e-008 2.32392e-008 1.93004e-008 1.43349e-008 9.09163e-009 4.17131e-009 6.97521e-016 -3.17332e-009 -5.26084e-009 -6.30721e-009 -6.45396e-009 -5.90218e-009 -4.87771e-009 -3.60178e-009 -2.26894e-009 -1.03291e-009 -1.81563e-016 7.70953e-010 1.26354e-009 1.49539e-009 1.50807e-009 1.35674e-009 1.10079e-009 7.96168e-010 4.89962e-010 2.17237e-010 3.91763e-017 -1.5208e-010 -2.39695e-010 -2.71177e-010 -2.59513e-010 
-0.000423503 -0.000485068 -0.000502576 -0.000465788 -0.000368747 -0.00021126 1.33735e-012 0.000250962 0.000520374 0.000780867 0.00100093 0.0011477 0.00104188 0.000846083 0.000586919 0.000294652 1.63456e-012 -0.000268809 -0.000488486 -0.000642442 -0.000721773 -0.000725419 -0.000659584 -0.000536511 -0.000372805 -0.000187489 -3.12589e-012 0.000171676 0.000312577 0.000411915 0.000463737 0.000467075 0.000425624 0.000346996 0.000241686 0.000121844 3.39426e-012 -0.000112141 -0.00020473 -0.000270547 -0.000305463 -0.000308581 -0.000282065 -0.000230694 -0.000161212 -8.15523e-005 -3.19187e-012 7.56013e-005 0.000138547 0.000183809 0.000208378 0.000211395 0.000194076 0.000159449 0.000111949 5.69066e-005 2.87802e-012 -5.32951e-005 -9.81938e-005 -0.000130997 -0.000149358 -0.000152418 -0.000140783 -0.00011639 -8.2243e-005 -4.2082e-005 -2.61875e-012 3.99489e-005 7.41163e-005 9.95706e-005 0.000114329 0.000117492 0.00010928 9.09623e-005 6.47009e-005 3.33156e-005 2.46473e-012 -3.19885e-005 -5.96366e-005 -8.04527e-005 -9.26896e-005 -9.54913e-005 -8.89509e-005 -7.40746e-005 -5.2654e-005 -2.70633e-005 -2.30333e-012 2.58007e-005 4.78471e-005 6.41378e-005 7.3348e-005 7.49362e-005 6.91632e-005 5.7024e-005 4.01044e-005 2.03828e-005 1.94315e-012 -1.89741e-005 -3.47519e-005 -4.59954e-005 -5.19246e-005 -5.23583e-005 -4.76886e-005 -3.87959e-005 -2.69187e-005 -1.34959e-005 -1.41827e-012 1.2219e-005 2.20636e-005 2.8781e-005 3.20104e-005 3.17846e-005 2.84899e-005 2.27912e-005 1.55352e-005 7.64226e-006 8.69686e-013 -6.63022e-006 -1.16851e-005 -1.48434e-005 -1.60373e-005 -1.54317e-005 -1.3374e-005 -1.03248e-005 -6.7819e-006 -3.21211e-006 -3.8534e-013 2.5825e-006 4.38601e-006 5.37656e-006 5.61599e-006 5.23521e-006 4.40508e-006 3.30876e-006 2.11875e-006 9.80013e-007 1.24996e-013 -7.54887e-007 -1.25738e-006 -1.51342e-006 -1.55389e-006 -1.42539e-006 -1.18148e-006 -8.75155e-007 -5.53267e-007 -2.52948e-007 -3.44816e-014 1.91058e-007 3.15734e-007 3.77531e-007 3.8558e-007 3.52278e-007 2.91186e-007 2.15343e-007 1.36068e-007 6.2238e-008 9.12496e-015 -4.71724e-008 -7.81681e-008 -9.37704e-008 -9.61164e-008 -8.81558e-008 -7.31615e-008 -5.43264e-008 -3.44655e-008 -1.58263e-008 -2.48959e-015 1.20814e-008 2.00824e-008 2.41575e-008 2.48204e-008 2.28083e-008 1.89561e-008 1.40889e-008 8.94169e-009 4.1052e-009 6.86902e-016 -3.12693e-009 -5.18702e-009 -6.22229e-009 -6.37063e-009 -5.82914e-009 -4.81988e-009 -3.56089e-009 -2.24429e-009 -1.02218e-009 -1.79761e-016 7.63644e-010 1.25211e-009 1.4825e-009 1.49568e-009 1.34614e-009 1.09262e-009 7.90557e-010 4.8669e-010 2.15864e-010 3.89423e-017 -1.51223e-010 -2.38425e-010 -2.69826e-010 
-0.000343585 -0.000440014 -0.000504064 -0.000522348 -0.000484198 -0.000383391 -0.00021969 1.39098e-012 0.000261075 0.000541448 0.000812653 0.00104188 0.00119491 0.00108497 0.000881261 0.000611457 0.00030704 1.70367e-012 -0.000280242 -0.000509383 -0.000670092 -0.000753027 -0.000757027 -0.000688505 -0.000560187 -0.000389365 -0.000195873 -3.26663e-012 0.000179459 0.000326848 0.000430857 0.000485219 0.000488874 0.00044564 0.000363442 0.000253231 0.000127711 3.55907e-012 -0.000117632 -0.000214841 -0.000284025 -0.000320817 -0.000324234 -0.000296507 -0.000242618 -0.000169626 -8.58509e-005 -3.36182e-012 7.96683e-005 0.000146079 0.000193909 0.000219955 0.000223272 0.000205104 0.000168616 0.000118461 6.02571e-005 3.04956e-012 -5.65113e-005 -0.000104195 -0.000139105 -0.000158724 -0.0001621 -0.000149845 -0.00012398 -8.76772e-005 -4.48991e-005 -2.79633e-012 4.26924e-005 7.92693e-005 0.000106576 0.000122464 0.000125941 0.000117216 9.76264e-005 6.94774e-005 3.57907e-005 2.64874e-012 -3.43846e-005 -6.41111e-005 -8.64885e-005 -9.963e-005 -0.000102615 -9.55494e-005 -7.95292e-005 -5.64963e-005 -2.90172e-005 -2.46761e-012 2.76161e-005 5.11643e-005 6.85141e-005 7.82686e-005 7.98746e-005 7.3637e-005 6.06418e-005 4.25984e-005 2.16245e-005 2.05904e-012 -2.00814e-005 -3.67351e-005 -4.85607e-005 -5.47531e-005 -5.51419e-005 -5.01608e-005 -4.07551e-005 -2.82414e-005 -1.41402e-005 -1.48393e-012 1.27664e-005 2.30175e-005 2.99776e-005 3.32846e-005 3.2989e-005 2.95098e-005 2.35545e-005 1.60157e-005 7.85677e-006 8.91319e-013 -6.77172e-006 -1.18897e-005 -1.50429e-005 -1.61862e-005 -1.55117e-005 -1.3391e-005 -1.03004e-005 -6.74331e-006 -3.18413e-006 -3.80926e-013 2.54646e-006 4.31478e-006 5.2779e-006 5.50197e-006 5.11941e-006 4.30015e-006 3.22469e-006 2.06177e-006 9.52299e-007 1.213e-013 -7.3168e-007 -1.21738e-006 -1.46383e-006 -1.50168e-006 -1.37651e-006 -1.14029e-006 -8.44274e-007 -5.3359e-007 -2.43917e-007 -3.32507e-014 1.84264e-007 3.04591e-007 3.64352e-007 3.72309e-007 3.40359e-007 2.81526e-007 2.08355e-007 1.31759e-007 6.0318e-008 8.85124e-015 -4.57985e-008 -7.59607e-008 -9.12058e-008 -9.3573e-008 -8.5901e-008 -7.13541e-008 -5.3031e-008 -3.36728e-008 -1.54753e-008 -2.43639e-015 1.18327e-008 1.96845e-008 2.3697e-008 2.43651e-008 2.24061e-008 1.86347e-008 1.38595e-008 8.8018e-009 4.04354e-009 6.77e-016 -3.08369e-009 -5.11824e-009 -6.14323e-009 -6.29309e-009 -5.76121e-009 -4.76615e-009 -3.52293e-009 -2.22143e-009 -1.01224e-009 -1.78093e-016 7.56893e-010 1.24157e-009 1.47063e-009 1.48431e-009 1.33642e-009 1.08514e-009 7.8544e-010 4.83713e-010 2.14619e-010 3.8731e-017 -1.50453e-010 -2.37287e-010 
-0.000238111 -0.000357055 -0.000457343 -0.000524006 -0.000543109 -0.000503534 -0.000398774 -0.000228547 1.44733e-012 0.000271706 0.000563607 0.000846083 0.00108497 0.00124458 0.00113031 0.000918298 0.000637299 0.000320091 1.7765e-012 -0.000292292 -0.000531419 -0.000699256 -0.000786004 -0.000790388 -0.000719042 -0.000585195 -0.000406863 -0.000204735 -3.41545e-012 0.000187692 0.000341951 0.000450912 0.000507972 0.000511973 0.000466859 0.000380884 0.000265482 0.000133941 3.73412e-012 -0.000123467 -0.000225592 -0.000298365 -0.000337162 -0.000340907 -0.000311898 -0.000255334 -0.000178605 -9.04411e-005 -3.54342e-012 8.40172e-005 0.000154139 0.000204726 0.000232361 0.000236009 0.000216941 0.000178462 0.000125462 6.3862e-005 3.23428e-012 -5.99776e-005 -0.000110668 -0.000147859 -0.000168843 -0.00017257 -0.000159651 -0.0001322 -9.35664e-005 -4.79538e-005 -2.98899e-012 4.56702e-005 8.48643e-005 0.000114184 0.000131299 0.000135116 0.00012583 0.000104856 7.46549e-005 3.84709e-005 2.84775e-012 -3.69724e-005 -6.89355e-005 -9.29842e-005 -0.000107085 -0.00011025 -0.000102607 -8.53506e-005 -6.05879e-005 -3.10934e-005 -2.64179e-012 2.9537e-005 5.46669e-005 7.31259e-005 8.34443e-005 8.50592e-005 7.83254e-005 6.44265e-005 4.52029e-005 2.2919e-005 2.17966e-012 -2.12319e-005 -3.87922e-005 -5.12168e-005 -5.76761e-005 -5.80127e-005 -5.27051e-005 -4.27666e-005 -2.95958e-005 -1.4798e-005 -1.55074e-012 1.33212e-005 2.39796e-005 3.11775e-005 3.45531e-005 3.41773e-005 3.05047e-005 2.42882e-005 1.64687e-005 8.0539e-006 9.10534e-013 -6.89171e-006 -1.2052e-005 -1.51858e-005 -1.62736e-005 -1.55347e-005 -1.33622e-005 -1.0244e-005 -6.68598e-006 -3.14832e-006 -3.75691e-013 2.50563e-006 4.2365e-006 5.17185e-006 5.3814e-006 4.99853e-006 4.19178e-006 3.13863e-006 2.00389e-006 9.24341e-007 1.17596e-013 -7.08552e-007 -1.17773e-006 -1.41495e-006 -1.45048e-006 -1.3288e-006 -1.10029e-006 -8.14419e-007 -5.14648e-007 -2.35259e-007 -3.20751e-014 1.77799e-007 2.94021e-007 3.51886e-007 3.59788e-007 3.29137e-007 2.72448e-007 2.018e-007 1.27721e-007 5.85211e-008 8.59527e-015 -4.45146e-008 -7.38988e-008 -8.88111e-008 -9.11989e-008 -8.37965e-008 -6.96673e-008 -5.18222e-008 -3.29331e-008 -1.51479e-008 -2.38676e-015 1.16008e-008 1.93133e-008 2.32673e-008 2.39405e-008 2.20309e-008 1.83351e-008 1.36455e-008 8.67143e-009 3.98609e-009 6.6778e-016 -3.04345e-009 -5.05428e-009 -6.06974e-009 -6.22108e-009 -5.69819e-009 -4.71634e-009 -3.48779e-009 -2.2003e-009 -1.00306e-009 -1.76556e-016 7.5068e-010 1.23189e-009 1.45975e-009 1.4739e-009 1.32756e-009 1.07835e-009 7.80802e-010 4.81026e-010 2.13499e-010 3.85418e-017 -1.49766e-010 
-0.000119423 -0.0002475 -0.000371197 -0.00047554 -0.000544951 -0.000564919 -0.00052385 -0.000414941 -0.000237858 1.50659e-012 0.000282887 0.000586919 0.000881261 0.00113031 0.00129688 0.00117807 0.000957315 0.00066453 0.000333846 1.8533e-012 -0.000305002 -0.000554667 -0.000730035 -0.000820819 -0.000825622 -0.000751304 -0.000611626 -0.000425363 -0.000214108 -3.57291e-012 0.000196408 0.000357945 0.000472158 0.000532088 0.000536467 0.00048937 0.000399397 0.000278492 0.000140559 3.92021e-012 -0.000129674 -0.000237033 -0.000313634 -0.000354576 -0.000358681 -0.000328317 -0.000268907 -0.000188195 -9.53472e-005 -3.73765e-012 8.8672e-005 0.000162772 0.00021632 0.00024567 0.000249683 0.00022966 0.00018905 0.000132997 6.77449e-005 3.4334e-012 -6.37174e-005 -0.000117657 -0.000157319 -0.000179787 -0.000183903 -0.000170272 -0.000141111 -9.99539e-005 -5.12689e-005 -3.19817e-012 4.89043e-005 9.09418e-005 0.000122448 0.000140894 0.000145077 0.000135177 0.000112694 8.02628e-005 4.13704e-005 3.06273e-012 -3.97631e-005 -7.41289e-005 -9.99632e-005 -0.000115078 -0.000118419 -0.000110142 -9.15518e-005 -6.4937e-005 -3.32955e-005 -2.82615e-012 3.15658e-005 5.83593e-005 7.79783e-005 8.88798e-005 9.04943e-005 8.32318e-005 6.83805e-005 4.79193e-005 2.42669e-005 2.30504e-012 -2.24256e-005 -4.09228e-005 -5.39627e-005 -6.06921e-005 -6.09684e-005 -5.53184e-005 -4.48274e-005 -3.09793e-005 -1.54676e-005 -1.61848e-012 1.3881e-005 2.49448e-005 3.23727e-005 3.58054e-005 3.53371e-005 3.14617e-005 2.49807e-005 1.68856e-005 8.22931e-006 9.26868e-013 -6.98733e-006 -1.21691e-005 -1.52711e-005 -1.63013e-005 -1.55047e-005 -1.32919e-005 -1.01591e-005 -6.61222e-006 -3.10572e-006 -3.69747e-013 2.46071e-006 4.15227e-006 5.05961e-006 5.25547e-006 4.87361e-006 4.08079e-006 3.05118e-006 1.94548e-006 8.96307e-007 1.13904e-013 -6.85628e-007 -1.13865e-006 -1.367e-006 -1.40051e-006 -1.28246e-006 -1.06161e-006 -7.85678e-007 -4.96489e-007 -2.26991e-007 -3.09564e-014 1.71666e-007 2.84022e-007 3.40125e-007 3.48e-007 3.18593e-007 2.63933e-007 1.95658e-007 1.23943e-007 5.6841e-008 8.35612e-015 -4.33156e-008 -7.19741e-008 -8.65765e-008 -8.89838e-008 -8.18333e-008 -6.8094e-008 -5.06947e-008 -3.22432e-008 -1.48425e-008 -2.34047e-015 1.13845e-008 1.89672e-008 2.28667e-008 2.35447e-008 2.16813e-008 1.80559e-008 1.34463e-008 8.55008e-009 3.93265e-009 6.59208e-016 -3.00606e-009 -4.99489e-009 -6.00158e-009 -6.15435e-009 -5.63987e-009 -4.6703e-009 -3.45535e-009 -2.18082e-009 -9.94621e-010 -1.75145e-016 7.44988e-010 1.22304e-009 1.44983e-009 1.46444e-009 1.31953e-009 1.07221e-009 7.76631e-010 4.7862e-010 2.12502e-010 3.83742e-017 
